{
 "cells": [
  {
   "cell_type": "markdown",
   "metadata": {},
   "source": [
    "# Exploratory Data Analysis\n",
    "\n",
    "## Objectives\n",
    "\n",
    "-   Explore features or charecteristics to predict price of car\n"
   ]
  },
  {
   "cell_type": "markdown",
   "metadata": {},
   "source": [
    "<h2>Table of content</h2>\n",
    "\n",
    "<div class=\"alert alert-block alert-info\" style=\"margin-top: 20px\">\n",
    "<ol>\n",
    "    <li><a href=\"#import_data\">Import Data from Module</a></li>\n",
    "    <li><a href=\"#pattern_visualization\">Analyzing Individual Feature Patterns using Visualization</a></li>\n",
    "    <li><a href=\"#discriptive_statistics\">Descriptive Statistical Analysis</a></li>\n",
    "    <li><a href=\"#basic_grouping\">Basics of Grouping</a></li>\n",
    "    <li><a href=\"#correlation_causation\">Correlation and Causation</a></li>\n",
    "    <li><a href=\"#anova\">ANOVA</a></li>\n",
    "</ol>\n",
    "\n",
    "</div>\n",
    " \n",
    "<hr>\n"
   ]
  },
  {
   "cell_type": "markdown",
   "metadata": {},
   "source": [
    "<h2 id=\"import_data\">1. Import Data from Module 2</h2>\n"
   ]
  },
  {
   "cell_type": "markdown",
   "metadata": {},
   "source": [
    "<h4>Setup</h4>\n"
   ]
  },
  {
   "cell_type": "markdown",
   "metadata": {},
   "source": [
    " Import libraries \n"
   ]
  },
  {
   "cell_type": "code",
   "execution_count": 1,
   "metadata": {},
   "outputs": [],
   "source": [
    "import pandas as pd\n",
    "import numpy as np"
   ]
  },
  {
   "cell_type": "markdown",
   "metadata": {},
   "source": [
    " load data and store in dataframe df:\n"
   ]
  },
  {
   "cell_type": "code",
   "execution_count": 2,
   "metadata": {},
   "outputs": [
    {
     "data": {
      "text/html": [
       "<div>\n",
       "<style scoped>\n",
       "    .dataframe tbody tr th:only-of-type {\n",
       "        vertical-align: middle;\n",
       "    }\n",
       "\n",
       "    .dataframe tbody tr th {\n",
       "        vertical-align: top;\n",
       "    }\n",
       "\n",
       "    .dataframe thead th {\n",
       "        text-align: right;\n",
       "    }\n",
       "</style>\n",
       "<table border=\"1\" class=\"dataframe\">\n",
       "  <thead>\n",
       "    <tr style=\"text-align: right;\">\n",
       "      <th></th>\n",
       "      <th>symboling</th>\n",
       "      <th>normalized-losses</th>\n",
       "      <th>make</th>\n",
       "      <th>fuel-type</th>\n",
       "      <th>aspiration</th>\n",
       "      <th>num-of-doors</th>\n",
       "      <th>body-style</th>\n",
       "      <th>drive-wheels</th>\n",
       "      <th>engine-location</th>\n",
       "      <th>wheel-base</th>\n",
       "      <th>...</th>\n",
       "      <th>engine-size</th>\n",
       "      <th>fuel-system</th>\n",
       "      <th>bore</th>\n",
       "      <th>stroke</th>\n",
       "      <th>compression-ratio</th>\n",
       "      <th>horsepower</th>\n",
       "      <th>peak-rpm</th>\n",
       "      <th>city-mpg</th>\n",
       "      <th>highway-mpg</th>\n",
       "      <th>price</th>\n",
       "    </tr>\n",
       "  </thead>\n",
       "  <tbody>\n",
       "    <tr>\n",
       "      <th>0</th>\n",
       "      <td>3</td>\n",
       "      <td>NaN</td>\n",
       "      <td>alfa-romero</td>\n",
       "      <td>gas</td>\n",
       "      <td>std</td>\n",
       "      <td>two</td>\n",
       "      <td>convertible</td>\n",
       "      <td>rwd</td>\n",
       "      <td>front</td>\n",
       "      <td>88.6</td>\n",
       "      <td>...</td>\n",
       "      <td>130</td>\n",
       "      <td>mpfi</td>\n",
       "      <td>3.47</td>\n",
       "      <td>2.68</td>\n",
       "      <td>9.0</td>\n",
       "      <td>111.0</td>\n",
       "      <td>5000.0</td>\n",
       "      <td>21</td>\n",
       "      <td>27</td>\n",
       "      <td>13495</td>\n",
       "    </tr>\n",
       "    <tr>\n",
       "      <th>1</th>\n",
       "      <td>3</td>\n",
       "      <td>NaN</td>\n",
       "      <td>alfa-romero</td>\n",
       "      <td>gas</td>\n",
       "      <td>std</td>\n",
       "      <td>two</td>\n",
       "      <td>convertible</td>\n",
       "      <td>rwd</td>\n",
       "      <td>front</td>\n",
       "      <td>88.6</td>\n",
       "      <td>...</td>\n",
       "      <td>130</td>\n",
       "      <td>mpfi</td>\n",
       "      <td>3.47</td>\n",
       "      <td>2.68</td>\n",
       "      <td>9.0</td>\n",
       "      <td>111.0</td>\n",
       "      <td>5000.0</td>\n",
       "      <td>21</td>\n",
       "      <td>27</td>\n",
       "      <td>16500</td>\n",
       "    </tr>\n",
       "    <tr>\n",
       "      <th>2</th>\n",
       "      <td>1</td>\n",
       "      <td>NaN</td>\n",
       "      <td>alfa-romero</td>\n",
       "      <td>gas</td>\n",
       "      <td>std</td>\n",
       "      <td>two</td>\n",
       "      <td>hatchback</td>\n",
       "      <td>rwd</td>\n",
       "      <td>front</td>\n",
       "      <td>94.5</td>\n",
       "      <td>...</td>\n",
       "      <td>152</td>\n",
       "      <td>mpfi</td>\n",
       "      <td>2.68</td>\n",
       "      <td>3.47</td>\n",
       "      <td>9.0</td>\n",
       "      <td>154.0</td>\n",
       "      <td>5000.0</td>\n",
       "      <td>19</td>\n",
       "      <td>26</td>\n",
       "      <td>16500</td>\n",
       "    </tr>\n",
       "    <tr>\n",
       "      <th>3</th>\n",
       "      <td>2</td>\n",
       "      <td>164.0</td>\n",
       "      <td>audi</td>\n",
       "      <td>gas</td>\n",
       "      <td>std</td>\n",
       "      <td>four</td>\n",
       "      <td>sedan</td>\n",
       "      <td>fwd</td>\n",
       "      <td>front</td>\n",
       "      <td>99.8</td>\n",
       "      <td>...</td>\n",
       "      <td>109</td>\n",
       "      <td>mpfi</td>\n",
       "      <td>3.19</td>\n",
       "      <td>3.40</td>\n",
       "      <td>10.0</td>\n",
       "      <td>102.0</td>\n",
       "      <td>5500.0</td>\n",
       "      <td>24</td>\n",
       "      <td>30</td>\n",
       "      <td>13950</td>\n",
       "    </tr>\n",
       "    <tr>\n",
       "      <th>4</th>\n",
       "      <td>2</td>\n",
       "      <td>164.0</td>\n",
       "      <td>audi</td>\n",
       "      <td>gas</td>\n",
       "      <td>std</td>\n",
       "      <td>four</td>\n",
       "      <td>sedan</td>\n",
       "      <td>4wd</td>\n",
       "      <td>front</td>\n",
       "      <td>99.4</td>\n",
       "      <td>...</td>\n",
       "      <td>136</td>\n",
       "      <td>mpfi</td>\n",
       "      <td>3.19</td>\n",
       "      <td>3.40</td>\n",
       "      <td>8.0</td>\n",
       "      <td>115.0</td>\n",
       "      <td>5500.0</td>\n",
       "      <td>18</td>\n",
       "      <td>22</td>\n",
       "      <td>17450</td>\n",
       "    </tr>\n",
       "  </tbody>\n",
       "</table>\n",
       "<p>5 rows × 26 columns</p>\n",
       "</div>"
      ],
      "text/plain": [
       "   symboling  normalized-losses         make fuel-type aspiration  \\\n",
       "0          3                NaN  alfa-romero       gas        std   \n",
       "1          3                NaN  alfa-romero       gas        std   \n",
       "2          1                NaN  alfa-romero       gas        std   \n",
       "3          2              164.0         audi       gas        std   \n",
       "4          2              164.0         audi       gas        std   \n",
       "\n",
       "  num-of-doors   body-style drive-wheels engine-location  wheel-base  ...  \\\n",
       "0          two  convertible          rwd           front        88.6  ...   \n",
       "1          two  convertible          rwd           front        88.6  ...   \n",
       "2          two    hatchback          rwd           front        94.5  ...   \n",
       "3         four        sedan          fwd           front        99.8  ...   \n",
       "4         four        sedan          4wd           front        99.4  ...   \n",
       "\n",
       "   engine-size  fuel-system  bore  stroke compression-ratio horsepower  \\\n",
       "0          130         mpfi  3.47    2.68               9.0      111.0   \n",
       "1          130         mpfi  3.47    2.68               9.0      111.0   \n",
       "2          152         mpfi  2.68    3.47               9.0      154.0   \n",
       "3          109         mpfi  3.19    3.40              10.0      102.0   \n",
       "4          136         mpfi  3.19    3.40               8.0      115.0   \n",
       "\n",
       "   peak-rpm city-mpg  highway-mpg  price  \n",
       "0    5000.0       21           27  13495  \n",
       "1    5000.0       21           27  16500  \n",
       "2    5000.0       19           26  16500  \n",
       "3    5500.0       24           30  13950  \n",
       "4    5500.0       18           22  17450  \n",
       "\n",
       "[5 rows x 26 columns]"
      ]
     },
     "execution_count": 2,
     "metadata": {},
     "output_type": "execute_result"
    }
   ],
   "source": [
    "file='automobile.csv'\n",
    "df = pd.read_csv(file)\n",
    "df.head()"
   ]
  },
  {
   "cell_type": "markdown",
   "metadata": {},
   "source": [
    "<h2 id=\"pattern_visualization\">2. Analyzing Individual Feature Patterns using Visualization</h2>\n"
   ]
  },
  {
   "cell_type": "markdown",
   "metadata": {},
   "source": [
    " Import visualization packages \"Matplotlib\" and \"Seaborn\".\n"
   ]
  },
  {
   "cell_type": "code",
   "execution_count": 3,
   "metadata": {},
   "outputs": [],
   "source": [
    "import matplotlib.pyplot as plt\n",
    "import seaborn as sns\n",
    "%matplotlib inline "
   ]
  },
  {
   "cell_type": "markdown",
   "metadata": {},
   "source": [
    "<h4>Choosing the right visualization method</h4>\n",
    "<p>When visualizing individual variables, it is important to first understand what type of variable you are dealing with. This will help us find the right visualization method for that variable.</p>\n"
   ]
  },
  {
   "cell_type": "code",
   "execution_count": 4,
   "metadata": {},
   "outputs": [
    {
     "name": "stdout",
     "output_type": "stream",
     "text": [
      "symboling              int64\n",
      "normalized-losses    float64\n",
      "make                  object\n",
      "fuel-type             object\n",
      "aspiration            object\n",
      "num-of-doors          object\n",
      "body-style            object\n",
      "drive-wheels          object\n",
      "engine-location       object\n",
      "wheel-base           float64\n",
      "length               float64\n",
      "width                float64\n",
      "height               float64\n",
      "curb-weight            int64\n",
      "engine-type           object\n",
      "num-of-cylinders      object\n",
      "engine-size            int64\n",
      "fuel-system           object\n",
      "bore                 float64\n",
      "stroke               float64\n",
      "compression-ratio    float64\n",
      "horsepower           float64\n",
      "peak-rpm             float64\n",
      "city-mpg               int64\n",
      "highway-mpg            int64\n",
      "price                  int64\n",
      "dtype: object\n"
     ]
    }
   ],
   "source": [
    "# list the data types for each column\n",
    "print(df.dtypes)"
   ]
  },
  {
   "cell_type": "markdown",
   "metadata": {},
   "source": [
    "In this case, the dataset has different types of data, like \"object\", \"int64\" and \"float64\".\n",
    "\n",
    "We can calculate the correlation between variables  of type \"int64\" or \"float64\" using the method \"corr\", but first let's check for missing values.\n"
   ]
  },
  {
   "cell_type": "code",
   "execution_count": 5,
   "metadata": {},
   "outputs": [
    {
     "data": {
      "text/plain": [
       "symboling             0\n",
       "normalized-losses    37\n",
       "make                  0\n",
       "fuel-type             0\n",
       "aspiration            0\n",
       "num-of-doors          2\n",
       "body-style            0\n",
       "drive-wheels          0\n",
       "engine-location       0\n",
       "wheel-base            0\n",
       "length                0\n",
       "width                 0\n",
       "height                0\n",
       "curb-weight           0\n",
       "engine-type           0\n",
       "num-of-cylinders      0\n",
       "engine-size           0\n",
       "fuel-system           0\n",
       "bore                  4\n",
       "stroke                4\n",
       "compression-ratio     0\n",
       "horsepower            2\n",
       "peak-rpm              2\n",
       "city-mpg              0\n",
       "highway-mpg           0\n",
       "price                 0\n",
       "dtype: int64"
      ]
     },
     "execution_count": 5,
     "metadata": {},
     "output_type": "execute_result"
    }
   ],
   "source": [
    "df.isna().sum()"
   ]
  },
  {
   "cell_type": "markdown",
   "metadata": {},
   "source": [
    "Now we indentified the missing values, we can either replace them with mean values or drop them, in this case we can drop them since they are a few of them. "
   ]
  },
  {
   "cell_type": "code",
   "execution_count": 6,
   "metadata": {},
   "outputs": [
    {
     "data": {
      "text/plain": [
       "symboling            0\n",
       "normalized-losses    0\n",
       "make                 0\n",
       "fuel-type            0\n",
       "aspiration           0\n",
       "num-of-doors         0\n",
       "body-style           0\n",
       "drive-wheels         0\n",
       "engine-location      0\n",
       "wheel-base           0\n",
       "length               0\n",
       "width                0\n",
       "height               0\n",
       "curb-weight          0\n",
       "engine-type          0\n",
       "num-of-cylinders     0\n",
       "engine-size          0\n",
       "fuel-system          0\n",
       "bore                 0\n",
       "stroke               0\n",
       "compression-ratio    0\n",
       "horsepower           0\n",
       "peak-rpm             0\n",
       "city-mpg             0\n",
       "highway-mpg          0\n",
       "price                0\n",
       "dtype: int64"
      ]
     },
     "execution_count": 6,
     "metadata": {},
     "output_type": "execute_result"
    }
   ],
   "source": [
    "df.dropna(inplace= True)\n",
    "df.isna().sum()"
   ]
  },
  {
   "cell_type": "markdown",
   "metadata": {},
   "source": [
    "We can continue estimating the correlation between variables."
   ]
  },
  {
   "cell_type": "code",
   "execution_count": 7,
   "metadata": {},
   "outputs": [
    {
     "data": {
      "text/html": [
       "<div>\n",
       "<style scoped>\n",
       "    .dataframe tbody tr th:only-of-type {\n",
       "        vertical-align: middle;\n",
       "    }\n",
       "\n",
       "    .dataframe tbody tr th {\n",
       "        vertical-align: top;\n",
       "    }\n",
       "\n",
       "    .dataframe thead th {\n",
       "        text-align: right;\n",
       "    }\n",
       "</style>\n",
       "<table border=\"1\" class=\"dataframe\">\n",
       "  <thead>\n",
       "    <tr style=\"text-align: right;\">\n",
       "      <th></th>\n",
       "      <th>symboling</th>\n",
       "      <th>normalized-losses</th>\n",
       "      <th>wheel-base</th>\n",
       "      <th>length</th>\n",
       "      <th>width</th>\n",
       "      <th>height</th>\n",
       "      <th>curb-weight</th>\n",
       "      <th>engine-size</th>\n",
       "      <th>bore</th>\n",
       "      <th>stroke</th>\n",
       "      <th>compression-ratio</th>\n",
       "      <th>horsepower</th>\n",
       "      <th>peak-rpm</th>\n",
       "      <th>city-mpg</th>\n",
       "      <th>highway-mpg</th>\n",
       "      <th>price</th>\n",
       "    </tr>\n",
       "  </thead>\n",
       "  <tbody>\n",
       "    <tr>\n",
       "      <th>symboling</th>\n",
       "      <td>1.000000</td>\n",
       "      <td>0.518344</td>\n",
       "      <td>-0.520591</td>\n",
       "      <td>-0.336257</td>\n",
       "      <td>-0.219186</td>\n",
       "      <td>-0.475185</td>\n",
       "      <td>-0.251880</td>\n",
       "      <td>-0.109453</td>\n",
       "      <td>-0.256469</td>\n",
       "      <td>-0.021285</td>\n",
       "      <td>-0.138316</td>\n",
       "      <td>-0.003949</td>\n",
       "      <td>0.199106</td>\n",
       "      <td>0.089550</td>\n",
       "      <td>0.149830</td>\n",
       "      <td>-0.162794</td>\n",
       "    </tr>\n",
       "    <tr>\n",
       "      <th>normalized-losses</th>\n",
       "      <td>0.518344</td>\n",
       "      <td>1.000000</td>\n",
       "      <td>-0.060086</td>\n",
       "      <td>0.035541</td>\n",
       "      <td>0.109726</td>\n",
       "      <td>-0.413702</td>\n",
       "      <td>0.125858</td>\n",
       "      <td>0.207820</td>\n",
       "      <td>-0.031558</td>\n",
       "      <td>0.063330</td>\n",
       "      <td>-0.127259</td>\n",
       "      <td>0.290511</td>\n",
       "      <td>0.237697</td>\n",
       "      <td>-0.235523</td>\n",
       "      <td>-0.188564</td>\n",
       "      <td>0.202761</td>\n",
       "    </tr>\n",
       "    <tr>\n",
       "      <th>wheel-base</th>\n",
       "      <td>-0.520591</td>\n",
       "      <td>-0.060086</td>\n",
       "      <td>1.000000</td>\n",
       "      <td>0.871534</td>\n",
       "      <td>0.814991</td>\n",
       "      <td>0.555767</td>\n",
       "      <td>0.810181</td>\n",
       "      <td>0.649206</td>\n",
       "      <td>0.578159</td>\n",
       "      <td>0.167449</td>\n",
       "      <td>0.291431</td>\n",
       "      <td>0.516948</td>\n",
       "      <td>-0.289234</td>\n",
       "      <td>-0.580657</td>\n",
       "      <td>-0.611750</td>\n",
       "      <td>0.734419</td>\n",
       "    </tr>\n",
       "    <tr>\n",
       "      <th>length</th>\n",
       "      <td>-0.336257</td>\n",
       "      <td>0.035541</td>\n",
       "      <td>0.871534</td>\n",
       "      <td>1.000000</td>\n",
       "      <td>0.838338</td>\n",
       "      <td>0.499251</td>\n",
       "      <td>0.871291</td>\n",
       "      <td>0.725953</td>\n",
       "      <td>0.646318</td>\n",
       "      <td>0.121073</td>\n",
       "      <td>0.184814</td>\n",
       "      <td>0.672063</td>\n",
       "      <td>-0.234074</td>\n",
       "      <td>-0.724544</td>\n",
       "      <td>-0.724599</td>\n",
       "      <td>0.760952</td>\n",
       "    </tr>\n",
       "    <tr>\n",
       "      <th>width</th>\n",
       "      <td>-0.219186</td>\n",
       "      <td>0.109726</td>\n",
       "      <td>0.814991</td>\n",
       "      <td>0.838338</td>\n",
       "      <td>1.000000</td>\n",
       "      <td>0.292706</td>\n",
       "      <td>0.870595</td>\n",
       "      <td>0.779253</td>\n",
       "      <td>0.572554</td>\n",
       "      <td>0.196619</td>\n",
       "      <td>0.258752</td>\n",
       "      <td>0.681872</td>\n",
       "      <td>-0.232216</td>\n",
       "      <td>-0.666684</td>\n",
       "      <td>-0.693339</td>\n",
       "      <td>0.843371</td>\n",
       "    </tr>\n",
       "    <tr>\n",
       "      <th>height</th>\n",
       "      <td>-0.475185</td>\n",
       "      <td>-0.413702</td>\n",
       "      <td>0.555767</td>\n",
       "      <td>0.499251</td>\n",
       "      <td>0.292706</td>\n",
       "      <td>1.000000</td>\n",
       "      <td>0.367052</td>\n",
       "      <td>0.111083</td>\n",
       "      <td>0.254836</td>\n",
       "      <td>-0.091313</td>\n",
       "      <td>0.233308</td>\n",
       "      <td>0.034317</td>\n",
       "      <td>-0.245864</td>\n",
       "      <td>-0.199737</td>\n",
       "      <td>-0.226136</td>\n",
       "      <td>0.244836</td>\n",
       "    </tr>\n",
       "    <tr>\n",
       "      <th>curb-weight</th>\n",
       "      <td>-0.251880</td>\n",
       "      <td>0.125858</td>\n",
       "      <td>0.810181</td>\n",
       "      <td>0.871291</td>\n",
       "      <td>0.870595</td>\n",
       "      <td>0.367052</td>\n",
       "      <td>1.000000</td>\n",
       "      <td>0.888626</td>\n",
       "      <td>0.645792</td>\n",
       "      <td>0.173844</td>\n",
       "      <td>0.224724</td>\n",
       "      <td>0.790095</td>\n",
       "      <td>-0.259988</td>\n",
       "      <td>-0.762155</td>\n",
       "      <td>-0.789338</td>\n",
       "      <td>0.893639</td>\n",
       "    </tr>\n",
       "    <tr>\n",
       "      <th>engine-size</th>\n",
       "      <td>-0.109453</td>\n",
       "      <td>0.207820</td>\n",
       "      <td>0.649206</td>\n",
       "      <td>0.725953</td>\n",
       "      <td>0.779253</td>\n",
       "      <td>0.111083</td>\n",
       "      <td>0.888626</td>\n",
       "      <td>1.000000</td>\n",
       "      <td>0.595737</td>\n",
       "      <td>0.299683</td>\n",
       "      <td>0.141097</td>\n",
       "      <td>0.812073</td>\n",
       "      <td>-0.284686</td>\n",
       "      <td>-0.699139</td>\n",
       "      <td>-0.714095</td>\n",
       "      <td>0.841496</td>\n",
       "    </tr>\n",
       "    <tr>\n",
       "      <th>bore</th>\n",
       "      <td>-0.256469</td>\n",
       "      <td>-0.031558</td>\n",
       "      <td>0.578159</td>\n",
       "      <td>0.646318</td>\n",
       "      <td>0.572554</td>\n",
       "      <td>0.254836</td>\n",
       "      <td>0.645792</td>\n",
       "      <td>0.595737</td>\n",
       "      <td>1.000000</td>\n",
       "      <td>-0.102581</td>\n",
       "      <td>0.015119</td>\n",
       "      <td>0.560239</td>\n",
       "      <td>-0.312269</td>\n",
       "      <td>-0.590440</td>\n",
       "      <td>-0.590850</td>\n",
       "      <td>0.533890</td>\n",
       "    </tr>\n",
       "    <tr>\n",
       "      <th>stroke</th>\n",
       "      <td>-0.021285</td>\n",
       "      <td>0.063330</td>\n",
       "      <td>0.167449</td>\n",
       "      <td>0.121073</td>\n",
       "      <td>0.196619</td>\n",
       "      <td>-0.091313</td>\n",
       "      <td>0.173844</td>\n",
       "      <td>0.299683</td>\n",
       "      <td>-0.102581</td>\n",
       "      <td>1.000000</td>\n",
       "      <td>0.243587</td>\n",
       "      <td>0.148804</td>\n",
       "      <td>-0.011312</td>\n",
       "      <td>-0.020055</td>\n",
       "      <td>-0.012934</td>\n",
       "      <td>0.160664</td>\n",
       "    </tr>\n",
       "    <tr>\n",
       "      <th>compression-ratio</th>\n",
       "      <td>-0.138316</td>\n",
       "      <td>-0.127259</td>\n",
       "      <td>0.291431</td>\n",
       "      <td>0.184814</td>\n",
       "      <td>0.258752</td>\n",
       "      <td>0.233308</td>\n",
       "      <td>0.224724</td>\n",
       "      <td>0.141097</td>\n",
       "      <td>0.015119</td>\n",
       "      <td>0.243587</td>\n",
       "      <td>1.000000</td>\n",
       "      <td>-0.162305</td>\n",
       "      <td>-0.416769</td>\n",
       "      <td>0.278332</td>\n",
       "      <td>0.221483</td>\n",
       "      <td>0.209361</td>\n",
       "    </tr>\n",
       "    <tr>\n",
       "      <th>horsepower</th>\n",
       "      <td>-0.003949</td>\n",
       "      <td>0.290511</td>\n",
       "      <td>0.516948</td>\n",
       "      <td>0.672063</td>\n",
       "      <td>0.681872</td>\n",
       "      <td>0.034317</td>\n",
       "      <td>0.790095</td>\n",
       "      <td>0.812073</td>\n",
       "      <td>0.560239</td>\n",
       "      <td>0.148804</td>\n",
       "      <td>-0.162305</td>\n",
       "      <td>1.000000</td>\n",
       "      <td>0.074057</td>\n",
       "      <td>-0.837214</td>\n",
       "      <td>-0.827941</td>\n",
       "      <td>0.759874</td>\n",
       "    </tr>\n",
       "    <tr>\n",
       "      <th>peak-rpm</th>\n",
       "      <td>0.199106</td>\n",
       "      <td>0.237697</td>\n",
       "      <td>-0.289234</td>\n",
       "      <td>-0.234074</td>\n",
       "      <td>-0.232216</td>\n",
       "      <td>-0.245864</td>\n",
       "      <td>-0.259988</td>\n",
       "      <td>-0.284686</td>\n",
       "      <td>-0.312269</td>\n",
       "      <td>-0.011312</td>\n",
       "      <td>-0.416769</td>\n",
       "      <td>0.074057</td>\n",
       "      <td>1.000000</td>\n",
       "      <td>-0.052929</td>\n",
       "      <td>-0.032777</td>\n",
       "      <td>-0.171916</td>\n",
       "    </tr>\n",
       "    <tr>\n",
       "      <th>city-mpg</th>\n",
       "      <td>0.089550</td>\n",
       "      <td>-0.235523</td>\n",
       "      <td>-0.580657</td>\n",
       "      <td>-0.724544</td>\n",
       "      <td>-0.666684</td>\n",
       "      <td>-0.199737</td>\n",
       "      <td>-0.762155</td>\n",
       "      <td>-0.699139</td>\n",
       "      <td>-0.590440</td>\n",
       "      <td>-0.020055</td>\n",
       "      <td>0.278332</td>\n",
       "      <td>-0.837214</td>\n",
       "      <td>-0.052929</td>\n",
       "      <td>1.000000</td>\n",
       "      <td>0.971999</td>\n",
       "      <td>-0.692273</td>\n",
       "    </tr>\n",
       "    <tr>\n",
       "      <th>highway-mpg</th>\n",
       "      <td>0.149830</td>\n",
       "      <td>-0.188564</td>\n",
       "      <td>-0.611750</td>\n",
       "      <td>-0.724599</td>\n",
       "      <td>-0.693339</td>\n",
       "      <td>-0.226136</td>\n",
       "      <td>-0.789338</td>\n",
       "      <td>-0.714095</td>\n",
       "      <td>-0.590850</td>\n",
       "      <td>-0.012934</td>\n",
       "      <td>0.221483</td>\n",
       "      <td>-0.827941</td>\n",
       "      <td>-0.032777</td>\n",
       "      <td>0.971999</td>\n",
       "      <td>1.000000</td>\n",
       "      <td>-0.720090</td>\n",
       "    </tr>\n",
       "    <tr>\n",
       "      <th>price</th>\n",
       "      <td>-0.162794</td>\n",
       "      <td>0.202761</td>\n",
       "      <td>0.734419</td>\n",
       "      <td>0.760952</td>\n",
       "      <td>0.843371</td>\n",
       "      <td>0.244836</td>\n",
       "      <td>0.893639</td>\n",
       "      <td>0.841496</td>\n",
       "      <td>0.533890</td>\n",
       "      <td>0.160664</td>\n",
       "      <td>0.209361</td>\n",
       "      <td>0.759874</td>\n",
       "      <td>-0.171916</td>\n",
       "      <td>-0.692273</td>\n",
       "      <td>-0.720090</td>\n",
       "      <td>1.000000</td>\n",
       "    </tr>\n",
       "  </tbody>\n",
       "</table>\n",
       "</div>"
      ],
      "text/plain": [
       "                   symboling  normalized-losses  wheel-base    length  \\\n",
       "symboling           1.000000           0.518344   -0.520591 -0.336257   \n",
       "normalized-losses   0.518344           1.000000   -0.060086  0.035541   \n",
       "wheel-base         -0.520591          -0.060086    1.000000  0.871534   \n",
       "length             -0.336257           0.035541    0.871534  1.000000   \n",
       "width              -0.219186           0.109726    0.814991  0.838338   \n",
       "height             -0.475185          -0.413702    0.555767  0.499251   \n",
       "curb-weight        -0.251880           0.125858    0.810181  0.871291   \n",
       "engine-size        -0.109453           0.207820    0.649206  0.725953   \n",
       "bore               -0.256469          -0.031558    0.578159  0.646318   \n",
       "stroke             -0.021285           0.063330    0.167449  0.121073   \n",
       "compression-ratio  -0.138316          -0.127259    0.291431  0.184814   \n",
       "horsepower         -0.003949           0.290511    0.516948  0.672063   \n",
       "peak-rpm            0.199106           0.237697   -0.289234 -0.234074   \n",
       "city-mpg            0.089550          -0.235523   -0.580657 -0.724544   \n",
       "highway-mpg         0.149830          -0.188564   -0.611750 -0.724599   \n",
       "price              -0.162794           0.202761    0.734419  0.760952   \n",
       "\n",
       "                      width    height  curb-weight  engine-size      bore  \\\n",
       "symboling         -0.219186 -0.475185    -0.251880    -0.109453 -0.256469   \n",
       "normalized-losses  0.109726 -0.413702     0.125858     0.207820 -0.031558   \n",
       "wheel-base         0.814991  0.555767     0.810181     0.649206  0.578159   \n",
       "length             0.838338  0.499251     0.871291     0.725953  0.646318   \n",
       "width              1.000000  0.292706     0.870595     0.779253  0.572554   \n",
       "height             0.292706  1.000000     0.367052     0.111083  0.254836   \n",
       "curb-weight        0.870595  0.367052     1.000000     0.888626  0.645792   \n",
       "engine-size        0.779253  0.111083     0.888626     1.000000  0.595737   \n",
       "bore               0.572554  0.254836     0.645792     0.595737  1.000000   \n",
       "stroke             0.196619 -0.091313     0.173844     0.299683 -0.102581   \n",
       "compression-ratio  0.258752  0.233308     0.224724     0.141097  0.015119   \n",
       "horsepower         0.681872  0.034317     0.790095     0.812073  0.560239   \n",
       "peak-rpm          -0.232216 -0.245864    -0.259988    -0.284686 -0.312269   \n",
       "city-mpg          -0.666684 -0.199737    -0.762155    -0.699139 -0.590440   \n",
       "highway-mpg       -0.693339 -0.226136    -0.789338    -0.714095 -0.590850   \n",
       "price              0.843371  0.244836     0.893639     0.841496  0.533890   \n",
       "\n",
       "                     stroke  compression-ratio  horsepower  peak-rpm  \\\n",
       "symboling         -0.021285          -0.138316   -0.003949  0.199106   \n",
       "normalized-losses  0.063330          -0.127259    0.290511  0.237697   \n",
       "wheel-base         0.167449           0.291431    0.516948 -0.289234   \n",
       "length             0.121073           0.184814    0.672063 -0.234074   \n",
       "width              0.196619           0.258752    0.681872 -0.232216   \n",
       "height            -0.091313           0.233308    0.034317 -0.245864   \n",
       "curb-weight        0.173844           0.224724    0.790095 -0.259988   \n",
       "engine-size        0.299683           0.141097    0.812073 -0.284686   \n",
       "bore              -0.102581           0.015119    0.560239 -0.312269   \n",
       "stroke             1.000000           0.243587    0.148804 -0.011312   \n",
       "compression-ratio  0.243587           1.000000   -0.162305 -0.416769   \n",
       "horsepower         0.148804          -0.162305    1.000000  0.074057   \n",
       "peak-rpm          -0.011312          -0.416769    0.074057  1.000000   \n",
       "city-mpg          -0.020055           0.278332   -0.837214 -0.052929   \n",
       "highway-mpg       -0.012934           0.221483   -0.827941 -0.032777   \n",
       "price              0.160664           0.209361    0.759874 -0.171916   \n",
       "\n",
       "                   city-mpg  highway-mpg     price  \n",
       "symboling          0.089550     0.149830 -0.162794  \n",
       "normalized-losses -0.235523    -0.188564  0.202761  \n",
       "wheel-base        -0.580657    -0.611750  0.734419  \n",
       "length            -0.724544    -0.724599  0.760952  \n",
       "width             -0.666684    -0.693339  0.843371  \n",
       "height            -0.199737    -0.226136  0.244836  \n",
       "curb-weight       -0.762155    -0.789338  0.893639  \n",
       "engine-size       -0.699139    -0.714095  0.841496  \n",
       "bore              -0.590440    -0.590850  0.533890  \n",
       "stroke            -0.020055    -0.012934  0.160664  \n",
       "compression-ratio  0.278332     0.221483  0.209361  \n",
       "horsepower        -0.837214    -0.827941  0.759874  \n",
       "peak-rpm          -0.052929    -0.032777 -0.171916  \n",
       "city-mpg           1.000000     0.971999 -0.692273  \n",
       "highway-mpg        0.971999     1.000000 -0.720090  \n",
       "price             -0.692273    -0.720090  1.000000  "
      ]
     },
     "execution_count": 7,
     "metadata": {},
     "output_type": "execute_result"
    }
   ],
   "source": [
    "df.corr()"
   ]
  },
  {
   "cell_type": "markdown",
   "metadata": {},
   "source": [
    "We can observe how the variables correlate each other, the diagonal elements are always one.\n"
   ]
  },
  {
   "cell_type": "markdown",
   "metadata": {},
   "source": [
    "Let's find the correlation between the following columns: bore, stroke,compression-ratio , and horsepower.</p>\n"
   ]
  },
  {
   "cell_type": "code",
   "execution_count": 8,
   "metadata": {},
   "outputs": [
    {
     "data": {
      "text/html": [
       "<div>\n",
       "<style scoped>\n",
       "    .dataframe tbody tr th:only-of-type {\n",
       "        vertical-align: middle;\n",
       "    }\n",
       "\n",
       "    .dataframe tbody tr th {\n",
       "        vertical-align: top;\n",
       "    }\n",
       "\n",
       "    .dataframe thead th {\n",
       "        text-align: right;\n",
       "    }\n",
       "</style>\n",
       "<table border=\"1\" class=\"dataframe\">\n",
       "  <thead>\n",
       "    <tr style=\"text-align: right;\">\n",
       "      <th></th>\n",
       "      <th>bore</th>\n",
       "      <th>stroke</th>\n",
       "      <th>compression-ratio</th>\n",
       "      <th>horsepower</th>\n",
       "    </tr>\n",
       "  </thead>\n",
       "  <tbody>\n",
       "    <tr>\n",
       "      <th>bore</th>\n",
       "      <td>1.000000</td>\n",
       "      <td>-0.102581</td>\n",
       "      <td>0.015119</td>\n",
       "      <td>0.560239</td>\n",
       "    </tr>\n",
       "    <tr>\n",
       "      <th>stroke</th>\n",
       "      <td>-0.102581</td>\n",
       "      <td>1.000000</td>\n",
       "      <td>0.243587</td>\n",
       "      <td>0.148804</td>\n",
       "    </tr>\n",
       "    <tr>\n",
       "      <th>compression-ratio</th>\n",
       "      <td>0.015119</td>\n",
       "      <td>0.243587</td>\n",
       "      <td>1.000000</td>\n",
       "      <td>-0.162305</td>\n",
       "    </tr>\n",
       "    <tr>\n",
       "      <th>horsepower</th>\n",
       "      <td>0.560239</td>\n",
       "      <td>0.148804</td>\n",
       "      <td>-0.162305</td>\n",
       "      <td>1.000000</td>\n",
       "    </tr>\n",
       "  </tbody>\n",
       "</table>\n",
       "</div>"
      ],
      "text/plain": [
       "                       bore    stroke  compression-ratio  horsepower\n",
       "bore               1.000000 -0.102581           0.015119    0.560239\n",
       "stroke            -0.102581  1.000000           0.243587    0.148804\n",
       "compression-ratio  0.015119  0.243587           1.000000   -0.162305\n",
       "horsepower         0.560239  0.148804          -0.162305    1.000000"
      ]
     },
     "execution_count": 8,
     "metadata": {},
     "output_type": "execute_result"
    }
   ],
   "source": [
    "df[['bore','stroke' ,'compression-ratio','horsepower']].corr()"
   ]
  },
  {
   "cell_type": "markdown",
   "metadata": {},
   "source": [
    "From the correlation table, we can conclude there is a moderate positive correlation between the variable `bore` and `horsepower` with a score of 0.57. This can lead us to make an analysis of these two variables later in this notebook if is needed.\n",
    "\n",
    "\n",
    "<p>Now, in order to start understanding the (linear) relationship between an individual variable and the price. We can do this by using \"regplot\", which plots the scatterplot plus the fitted regression line for the data.</p>\n"
   ]
  },
  {
   "cell_type": "markdown",
   "metadata": {},
   "source": [
    "Let's find the scatterplot of \"engine-size\" and \"price\" \n"
   ]
  },
  {
   "cell_type": "code",
   "execution_count": 9,
   "metadata": {
    "tags": []
   },
   "outputs": [
    {
     "data": {
      "text/plain": [
       "(0.0, 38805.71461655603)"
      ]
     },
     "execution_count": 9,
     "metadata": {},
     "output_type": "execute_result"
    },
    {
     "data": {
